2.871,1.346,0.842,0
4.059,1.527,1.273,2.212
3.393,1.324,0.972,1.68
5.551,3.935,2.366,4.124
3.94,1.692,1.099,1.918
2.83,1.654,1.565,2.697
3.766,2.184,1.624,2.754
5.068,1.749,1.195,2.659
4.35,1.281,1.289,0
3.907,1.648,1.311,2.277
3.544,2.41,1.833,3.177
2.891,1.624,1.065,1.847
3.093,1.311,1.287,2.23
3.521,1.748,1.106,1.893
4.755,1.93,1.241,2.778
4.988,2.571,1.775,0
3.12,1.254,0.771,0
3.456,1.398,0.845,1.452
3.164,2.13,1.198,2.263
3.637,1.797,1.087,7.414
3.972,1.937,1.134,1.982
4.364,1.357,1.339,2.287
3.119,1.563,1.035,1.777
3.848,1.509,0.95,1.641
3.617,1.015,0.491,0
3.02,1.267,1.143,1.967
3.659,1.624,1.69,2.933
4.38,1.393,0.925,1.602
3.238,1.461,1.093,1.893
3.142,1.466,1.172,2.029
3.716,1.316,1.113,1.93
2.924,1.409,0.874,1.511
3.076,0.866,0.537,0
4.462,2.024,1.233,2.214
3.144,1.457,1.039,1.795
2.87,1.14,1.015,1.76
2.909,1.5,1.458,2.525
2.961,1.235,1.065,1.837
2.726,1.327,1.221,2.115
3.903,1.802,1.064,1.832
2.7,1.003,1.144,0
3.1,1.855,0.809,1.406
3.063,1.229,0.879,1.521
2.581,1.177,0.952,1.66
3.15,1.076,0.804,1.393
3.046,2.054,0.971,1.699
3.738,1.606,1.053,1.826
2.708,1.622,1.156,2.002
2.754,0.937,0.837,0
3.925,1.679,0.977,1.688
4.864,2.604,1.71,2.972
3.282,1.315,0.76,1.314
3.304,1.66,0.905,1.568
4.019,2.024,0.87,1.528
4.769,1.889,1.071,1.856
4.369,1.989,0.9,1.557
3.642,1.333,0.849,0
4.309,1.865,1.036,1.789
3.332,2.268,1.225,2.121
3.294,1.408,1.139,1.967
3.731,2.193,1.106,1.912
3.303,1.725,0.838,1.451
2.638,1.597,1.114,1.926
4.624,1.974,1.7,2.928
2.379,0.99,0.754,0
3.549,1.856,1.055,1.796
3.25,2.006,0.952,1.676
3.773,1.66,0.943,1.633
2.964,1.831,1.274,2.205
8.229,2.809,0.84,0
2.541,0.908,0.876,1.504
3.935,2.039,1.481,2.558

